0 0.7953383908489887 8.772228452109356 200.99760000000003 1.1906519084620624 8.772228452109356 0.6550473057782011 0.8976691954244942 0.06863359147341545 0.6020695438935452 0.3292968646330394 0.38107301206579536 0.20413908778709028 1
1 0.7999031134753098 8.99515801937887 204.45362 1.1975121006421054 8.99515801937887 0.6607914889135229 0.8999515567376549 0.06715359067238673 0.6040571596668056 0.3287892496608074 0.3752425315293966 0.20811431933361166 1
2 0.7945414117041978 8.734321726773308 200.39674 1.189454118731928 8.734321726773308 0.6541236152128123 0.8972707058520991 0.06888601600098007 0.601672626228214 0.3294413577708058 0.3818871832946676 0.20334525245642823 1
3 0.7961962161081747 8.813360487269247 199.80888 1.1919195502387867 8.813360487269247 0.655702002397578 0.8980981080540874 0.06838877877960113 0.6027349606687342 0.32887626055166463 0.3811063455025667 0.20546992133746841 1
4 0.7979217661776447 8.897156968217462 201.27942 1.1945149717959613 8.897156968217462 0.658717607063248 0.8989608830888224 0.06776258394092816 0.6028943458944497 0.3293430701646221 0.3766466506465779 0.20578869178889944 1
5 0.7917184267603022 8.602385697837661 202.31408 1.1852584960852675 8.602385697837661 0.6511625895002927 0.895859213380151 0.0697558475088343 0.6000667049505412 0.3301774475406245 0.3839594299574493 0.2001334099010824 1
6 0.799369458213605 8.968571994035388 198.89986 1.1966495473665388 8.968571994035388 0.659169979423652 0.8996847291068026 0.06740088840873994 0.6044897201557293 0.32810939143553053 0.378457588779234 0.20897944031145882 1
7 0.7968046892499154 8.84274682627816 202.12782 1.1928558653244734 8.84274682627816 0.6563696777464906 0.8984023446249577 0.06819907733795026 0.6030671746852585 0.32873374797679117 0.38058845220804 0.20613434937051694 1
8 0.7949827341928146 8.755275937983482 199.10244 1.1900981698415247 8.755275937983482 0.6532991005522225 0.8974913670964073 0.06885185441054617 0.6028169842061969 0.32833116138325685 0.3850143494646908 0.20563396841239395 1
9 0.7981034392581126 8.906062751395158 199.8961 1.194770044615979 8.906062751395158 0.6582044306257289 0.8990517196290563 0.06776209204628443 0.6034934439300239 0.3287444640236916 0.3783924530138727 0.20698688786004787 1
10 0.796352500872416 8.820891533497356 198.9932 1.1921433272838813 8.820891533497356 0.6570856362712554 0.898176250436208 0.0682442392654755 0.6019750323468006 0.32978072838772393 0.37774082968242634 0.20395006469360125 1
11 0.7955789277461834 8.783727176211698 199.56558 1.190994409954643 8.783727176211698 0.6544098270743003 0.8977894638730916 0.06862980498334206 0.6028254831302906 0.3285447118863674 0.3832793355492858 0.20565096626058113 1
12 0.8002480681438423 9.012418810748768 199.37478 1.1979679077037035 9.012418810748768 0.6611287175177458 0.9001240340719212 0.06704945297367071 0.6042777512303249 0.3286727957960044 0.37506308819369943 0.20855550246064974 1
13 0.790080726851306 8.527472013412133 199.53326 1.1827793974533047 8.527472013412133 0.651064806703282 0.895040363425653 0.07013018431405771 0.5980331840335616 0.33183663165238053 0.38087424874754144 0.19606636806712344 1
14 0.7923018135651596 8.62935707013236 203.8198 1.1861472852397394 8.62935707013236 0.6535173272463167 0.8961509067825797 0.0694364809756123 0.599192188032011 0.3313713309923767 0.3788994553945687 0.19838437606402196 1
15 0.7959160688552922 8.79988962767421 198.43824 1.1914846400152175 8.79988962767421 0.6559503141338742 0.8979580344276461 0.0684322015206319 0.6021958203603199 0.32937197811904806 0.3798612146385357 0.20439164072063998 1
16 0.795802388914945 8.794433878890649 199.67656 1.1913295868172529 8.794433878890649 0.6566724276941024 0.8979011944574723 0.068400508545391 0.6015437496849358 0.330055741769673 0.37770433092753297 0.20308749936987197 1
17 0.799389273476894 8.96955663669182 198.11218 1.1966696092633728 8.96955663669182 0.6600117265538332 0.8996946367384469 0.06733048933348378 0.6039246374528573 0.328744873213659 0.3762500277272099 0.20784927490571453 1
18 0.7984526270003292 8.92322534515628 199.24202 1.1952839196468272 8.92322534515628 0.6582880361853563 0.8992263135001645 0.06767682025213219 0.6038955177534117 0.328427661994456 0.3788979838279737 0.20779103550682362 1
19 0.7946653359324168 8.740196615519956 194.97772000000003 1.1895738471773247 8.740196615519956 0.6536544480503945 0.8973326679662083 0.06889530895715484 0.6021585461725266 0.3289461448703184 0.3833989371070391 0.20431709234505327 1
20 0.7963351062598479 8.820052750729449 200.90216 1.192139959801164 8.820052750729449 0.6548901479166578 0.898167553129924 0.06842140698819504 0.6034804189150089 0.32809817409679604 0.3835725826702778 0.2069608378300178 1
